1 1 -144728
1 2 -146656
1 8 -34004
1 9 281720
1 57 178672
1 65 -21412
1 449 31136
2 2 106190
2 3 -294296
2 10 736356
2 58 -589332
2 66 -256520
2 450 338068
3 3 -188854
3 4 161396
3 11 -107112
3 59 250312
3 67 498216
3 451 -130808
4 4 999656
4 5 -303100
4 12 -476276
4 60 -322564
4 68 16176
4 452 -1074944
5 5 784366
5 6 -168208
5 13 -841624
5 61 -248676
5 69 309684
5 453 -316808
6 6 -91414
6 7 -121308
6 14 68300
6 62 -255132
6 70 163096
6 454 496080
7 7 -138518
7 8 -70656
7 15 -211496
7 63 -551408
7 71 505728
7 455 726176
8 8 391748
8 16 215756
8 64 -227276
8 72 -162088
8 456 -505228
9 9 -768268
9 10 518688
9 16 -474180
9 17 833460
9 73 74296
9 457 302552
10 10 254750
10 11 -295148
10 18 -898476
10 74 203328
10 458 -774248
11 11 604486
11 12 -329612
11 19 -171436
11 75 -331448
11 459 25784
12 12 254786
12 13 502212
12 20 377248
12 76 316032
12 460 -899176
13 13 947088
13 14 339412
13 21 -785836
13 77 -99852
13 461 -1008488
14 14 309644
14 15 -285748
14 22 -261552
14 78 19908
14 462 -499608
15 15 552326
15 16 210388
15 23 -145084
15 79 -739148
15 463 66436
16 16 183554
16 24 172724
16 80 -731112
16 464 239316
17 17 783762
17 18 -622872
17 24 -522292
17 25 -668852
17 81 114804
17 465 -701772
18 18 1755312
18 19 -7236
18 26 -401392
18 82 -601560
18 466 -979088
19 19 -196432
19 20 334852
19 27 399420
19 83 306596
19 467 -469332
20 20 -860824
20 21 268140
20 28 362220
20 84 164656
20 468 214532
21 21 -68340
21 22 553700
21 29 -491932
21 85 -26272
21 469 618880
22 22 15352
22 23 -256600
22 30 84404
22 86 -148808
22 470 -1848
23 23 87056
23 24 319512
23 31 -11232
23 87 43940
23 471 -124648
24 24 -85450
24 32 -286768
24 88 5968
24 472 481756
25 25 264568
25 26 8976
25 32 -9116
25 33 93956
25 89 -318712
25 473 364612
26 26 62952
26 27 -108096
26 34 -194920
26 90 149776
26 474 419752
27 27 -53960
27 28 246636
27 35 -270572
27 91 -142108
27 475 -17360
28 28 7146
28 29 -103612
28 36 17904
28 92 -301260
28 476 -236180
29 29 701962
29 30 -311948
29 37 -183328
29 93 211828
29 477 -524932
30 30 -425492
30 31 329052
30 38 548964
30 94 -136728
30 478 337240
31 31 -828692
31 32 66800
31 39 989208
31 95 -446584
31 479 730140
32 32 155682
32 40 -30188
32 96 -335508
32 480 283416
33 33 26594
33 34 207140
33 40 -81932
33 41 -86884
33 97 -257272
33 481 71804
34 34 119082
34 35 283692
34 42 -362464
34 98 -409664
34 482 238052
35 35 -647732
35 36 71784
35 43 654128
35 99 109096
35 483 447336
36 36 315818
36 37 476584
36 44 -457212
36 100 -136232
36 484 -604464
37 37 278412
37 38 509128
37 45 -415128
37 101 -213124
37 485 -730956
38 38 -106582
38 39 197804
38 46 -280752
38 102 -305892
38 486 -456088
39 39 -492360
39 40 -415736
39 47 581072
39 103 -303916
39 487 -63712
40 40 292360
40 48 -291064
40 104 -65792
40 488 299992
41 41 597638
41 42 -637652
41 48 -193788
41 49 103604
41 105 -519672
41 489 139116
42 42 721606
42 43 -320308
42 50 -713692
42 106 125596
42 490 465308
43 43 -572796
43 44 383796
43 51 -515052
43 107 343668
43 491 599360
44 44 -347718
44 45 417404
44 52 95260
44 108 6884
44 492 249304
45 45 -90198
45 46 -280600
45 53 -352572
45 109 126488
45 493 684804
46 46 152936
46 47 351812
46 54 -172400
46 110 -527580
46 494 603648
47 47 -1188104
47 48 1229996
47 55 249104
47 111 -25952
47 495 -9824
48 48 -384376
48 56 -29788
48 112 121636
48 496 -68240
49 49 -148662
49 50 238016
49 56 249400
49 57 -322920
49 113 178604
49 497 -149380
50 50 -378108
50 51 18764
50 58 -7816
50 114 1128404
50 498 92540
51 51 123546
51 52 121560
51 59 -127508
51 115 506584
51 499 -251440
52 52 -422674
52 53 1018648
52 60 -26912
52 116 197764
52 500 -560972
53 53 -508862
53 54 493788
53 61 -61116
53 117 -205448
53 501 124424
54 54 -744952
54 55 297904
54 62 41484
54 118 -538092
54 502 1367220
55 55 -509910
55 56 -203876
55 63 395108
55 119 569432
55 503 -287852
56 56 -232084
56 64 249508
56 120 338708
56 504 -139784
57 57 -233472
57 58 -183480
57 64 -92240
57 121 544780
57 505 342132
58 58 105658
58 59 -285672
58 122 644256
58 506 210728
59 59 -104404
59 60 342896
59 123 -785696
59 507 814476
60 60 56568
60 61 -57320
60 124 59376
60 508 -108612
61 61 651750
61 62 -644536
61 125 -127956
61 509 -163896
62 62 410784
62 63 -72484
62 126 -61528
62 510 170628
63 63 -208066
63 64 152796
63 127 740484
63 511 -248364
64 64 -32392
64 128 186796
64 512 -204800
65 65 -150778
65 66 326304
65 72 -811564
65 73 466404
65 121 -72832
65 129 414656
66 66 386086
66 67 -450352
66 74 34556
66 122 -235576
66 130 -190584
67 67 -137196
67 68 -516020
67 75 -559456
67 123 619572
67 131 682432
68 68 436576
68 69 192644
68 76 -448912
68 124 5708
68 132 -122748
69 69 234892
69 70 -893816
69 77 307020
69 125 -748
69 133 -384568
70 70 70936
70 71 330148
70 78 -361916
70 126 951884
70 134 -331268
71 71 117944
71 72 143952
71 79 -441228
71 127 -615204
71 135 -159284
72 72 49498
72 80 93124
72 128 652064
72 136 -14484
73 73 361334
73 74 -617864
73 80 243784
73 81 -605788
73 137 -283500
74 74 -246480
74 75 374728
74 82 -45856
74 138 544068
75 75 659390
75 76 29704
75 83 -857092
75 139 24784
76 76 -84628
76 77 39632
76 84 275728
76 140 -42928
77 77 -258676
77 78 -137468
77 85 302656
77 141 105364
78 78 73380
78 79 123316
78 86 27600
78 142 181800
79 79 453318
79 80 -163504
79 87 250212
79 143 63716
80 80 64620
80 88 208916
80 144 219552
81 81 386814
81 82 -572044
81 88 352104
81 89 -215112
81 145 152408
82 82 502442
82 83 786516
82 90 -401320
82 146 -170620
83 83 14012
83 84 455244
83 91 -699784
83 147 -19504
84 84 -1230140
84 85 513820
84 92 525776
84 148 525056
85 85 -199674
85 86 262612
85 93 -462912
85 149 -190556
86 86 -89050
86 87 514484
86 94 234292
86 150 -712080
87 87 -509764
87 88 -180712
87 95 769120
87 151 -377516
88 88 -300456
88 96 160856
88 152 53780
89 89 -518974
89 90 607900
89 96 101596
89 97 660212
89 153 202064
90 90 258820
90 91 352188
90 98 -1258772
90 154 32588
91 91 840826
91 92 -73976
91 99 -450912
91 155 -667060
92 92 -74532
92 93 -314268
92 100 323840
92 156 -11048
93 93 337258
93 94 337792
93 101 -38380
93 157 -408576
94 94 -342580
94 95 79060
94 102 -164756
94 158 335500
95 95 -821510
95 96 414160
95 103 271112
95 159 556152
96 96 -382202
96 104 -64984
96 160 488284
97 97 -532082
97 98 279396
97 104 -530532
97 105 156412
97 161 755948
98 98 880238
98 99 -23028
98 106 39824
98 162 -388232
99 99 621436
99 100 -66592
99 107 -48040
99 163 -763396
100 100 -93660
100 101 -407228
100 108 171136
100 164 302396
101 101 -60472
101 102 566988
101 109 -43972
101 165 256660
102 102 584344
102 103 -1005548
102 110 92828
102 166 -352308
103 103 399798
103 104 -747744
103 111 835524
103 167 150976
104 104 383980
104 112 565020
104 168 76072
105 105 616980
105 106 36692
105 112 -582760
105 113 -625252
105 169 300620
106 106 101884
106 107 -441804
106 114 117472
106 170 -81548
107 107 472232
107 108 258644
107 115 173512
107 171 -1230444
108 108 -175466
108 109 248460
108 116 51380
108 172 -385572
109 109 -22136
109 110 561840
109 117 254480
109 173 -1103024
110 110 -523206
110 111 489252
110 118 673348
110 174 -243276
111 111 -409826
111 112 -325684
111 119 -254748
111 175 101260
112 112 -348170
112 120 889244
112 176 28884
113 113 336188
113 114 -60356
113 120 -759852
113 121 39580
113 177 554900
114 114 -324574
114 115 -694704
114 122 -476032
114 178 634364
115 115 79022
115 116 349836
115 123 -461612
115 179 -31660
116 116 -718424
116 117 -540152
116 124 856444
116 180 521576
117 117 22408
117 118 -436072
117 125 448972
117 181 433404
118 118 341226
118 119 -42376
118 126 -488404
118 182 149144
119 119 -64766
119 120 388960
119 127 182304
119 183 -714040
120 120 -417394
120 128 729636
120 184 -751908
121 121 -415132
121 122 35192
121 128 167084
121 185 116460
122 122 -366854
122 123 77276
122 186 688592
123 123 264990
123 124 -259144
123 187 279624
124 124 -467866
124 125 321048
124 188 -47700
125 125 -444464
125 126 163960
125 189 83652
126 126 -243634
126 127 -260800
126 190 182156
127 127 369690
127 128 -786716
127 191 552
128 128 -451812
128 192 -45240
129 129 486414
129 130 -544420
129 136 -100920
129 137 -48504
129 185 -722128
129 193 28488
130 130 887762
130 131 370052
130 138 -737832
130 186 -213936
130 194 -458804
131 131 -289522
131 132 -437668
131 139 455576
131 187 -474276
131 195 -17072
132 132 671656
132 133 -318564
132 140 50396
132 188 -622444
132 196 107716
133 133 -142772
133 134 -427748
133 141 619828
133 189 583000
133 197 213596
134 134 1119360
134 135 -66056
134 142 -1208504
134 190 -97220
134 198 -107924
135 135 19038
135 136 -215656
135 143 382684
135 191 230812
135 199 -210576
136 136 -72402
136 144 -3472
136 192 152796
136 200 326540
137 137 171714
137 138 -345076
137 144 109168
137 145 -166300
137 201 390784
138 138 636946
138 139 9560
138 146 -733700
138 202 -10912
139 139 -196544
139 140 -168060
139 147 242716
139 203 -171488
140 140 47926
140 141 200312
140 148 -26708
140 204 -108864
141 141 -338900
141 142 188072
141 149 -7876
141 205 -427900
142 142 456170
142 143 -554644
142 150 928100
142 206 -447164
143 143 -659284
143 144 405992
143 151 390632
143 207 630188
144 144 -661394
144 152 615248
144 208 -23700
145 145 172978
145 146 -43636
145 152 -470728
145 153 178812
145 209 3488
146 146 486934
146 147 49840
146 154 -252880
146 210 177128
147 147 -635228
147 148 865000
147 155 67144
147 211 65260
148 148 -1212754
148 149 80608
148 156 751156
148 212 230396
149 149 252252
149 150 -461976
149 157 215128
149 213 -139832
150 150 -41576
150 151 407184
150 158 84432
150 214 -162508
151 151 -39806
151 152 -361388
151 159 20108
151 215 592
152 152 292014
152 160 -321768
152 216 -99172
153 153 25520
153 154 -133168
153 160 -245908
153 161 269712
153 217 -322552
154 154 78836
154 155 -779668
154 162 578604
154 218 396852
155 155 1150332
155 156 -822972
155 163 141480
155 219 -239588
156 156 132128
156 157 -141236
156 164 263232
156 220 -303388
157 157 274584
157 158 513596
157 165 -645244
157 221 -82836
158 158 -447352
158 159 315624
158 166 -330144
158 222 -24304
159 159 -1018852
159 160 622632
159 167 145020
159 223 378168
160 160 -278504
160 168 128096
160 224 -114328
161 161 -699104
161 162 289980
161 168 -510344
161 169 411252
161 225 181660
162 162 -28876
162 163 19296
162 170 271792
162 226 -713688
163 163 374014
163 164 235076
163 171 114876
163 227 -495360
164 164 -777102
164 165 160020
164 172 345348
164 228 248132
165 165 376540
165 166 353340
165 173 -242932
165 229 -634924
166 166 121122
166 167 676168
166 174 -382936
166 230 -206364
167 167 -144208
167 168 75188
167 175 -495392
167 231 -263544
168 168 235526
168 176 -329256
168 232 89192
169 169 -688892
169 170 -179456
169 176 642560
169 177 -7004
169 233 209812
170 170 483808
170 171 -301020
170 178 -335820
170 234 -341564
171 171 417564
171 172 -208396
171 179 416288
171 235 373568
172 172 -761530
172 173 1001568
172 180 654976
172 236 115136
173 173 107666
173 174 -276520
173 181 -119356
173 237 524932
174 174 309852
174 175 198360
174 182 916
174 238 83752
175 175 -368524
175 176 561396
175 183 119904
175 239 251520
176 176 -932872
176 184 672204
176 240 289956
177 177 -61390
177 178 164692
177 184 -451760
177 185 -153168
177 241 15120
178 178 -300744
178 179 536
178 186 123172
178 242 14544
179 179 60048
179 180 -394400
179 187 -24644
179 243 -86216
180 180 -70898
180 181 431900
180 188 -201416
180 244 -870840
181 181 -382900
181 182 509716
181 189 -123076
181 245 -366788
182 182 -252724
182 183 -51736
182 190 -52320
182 246 -50272
183 183 611044
183 184 -214872
183 191 -289500
183 247 -71844
184 184 141658
184 192 280140
184 248 182880
185 185 694380
185 186 -1076148
185 192 46964
185 249 399260
186 186 645072
186 187 -710272
186 250 -101552
187 187 634430
187 188 -488488
187 251 149196
188 188 1062452
188 189 -347564
188 252 -417292
189 189 -284626
189 190 14928
189 253 358312
190 190 201498
190 191 -81004
190 254 -369536
191 191 -78066
191 192 386256
191 255 -90984
192 192 -227380
192 256 -366156
193 193 129738
193 194 -9224
193 200 180192
193 201 424924
193 249 -658340
193 257 -225516
194 194 436748
194 195 306572
194 202 -314524
194 250 -456588
194 258 59072
195 195 -252668
195 196 -51384
195 203 378812
195 251 117160
195 259 -228752
196 196 -163496
196 197 -245464
196 204 83136
196 252 174720
196 260 258268
197 197 -280584
197 198 524352
197 205 -245652
197 253 443708
197 261 -129372
198 198 9616
198 199 77228
198 206 266984
198 254 -107116
198 262 -672756
199 199 231172
199 200 -505708
199 207 139420
199 255 -268124
199 263 305416
200 200 9816
200 208 -264220
200 256 -58252
200 264 301816
201 201 -519914
201 202 -20824
201 208 396220
201 209 -35624
201 265 -115652
202 202 -93982
202 203 276240
202 210 -405456
202 266 663440
203 203 48694
203 204 -538420
203 211 188316
203 267 -230848
204 204 203172
204 205 173864
204 212 -34900
204 268 18840
205 205 700700
205 206 -819760
205 213 170968
205 269 -252920
206 206 918342
206 207 -536620
206 214 -170232
206 270 -129892
207 207 -404536
207 208 -158896
207 215 325348
207 271 409632
208 208 255768
208 216 -254600
208 272 -206340
209 209 -395018
209 210 140208
209 216 -196888
209 217 451048
209 273 427804
210 210 32594
210 211 -53792
210 218 229968
210 274 -153244
211 211 -191920
211 212 -173024
211 219 -344184
211 275 701264
212 212 384314
212 213 -295760
212 220 -442372
212 276 -52968
213 213 111514
213 214 27648
213 221 321252
213 277 -307304
214 214 189474
214 215 53992
214 222 -240416
214 278 112568
215 215 -385348
215 216 182432
215 223 -65564
215 279 273896
216 216 492800
216 224 92908
216 280 -710280
217 217 390800
217 218 -475104
217 224 -430156
217 225 -116600
217 281 111764
218 218 6190
218 219 -152772
218 226 -45188
218 282 33864
219 219 706700
219 220 -234556
219 227 -469488
219 283 27188
220 220 376638
220 221 506764
220 228 -290120
220 284 10396
221 221 83690
221 222 -759996
221 229 -127972
221 285 -24592
222 222 -93168
222 223 155628
222 230 378724
222 286 676700
223 223 167092
223 224 -208300
223 231 -794216
223 287 200100
224 224 16232
224 232 680432
224 288 -53020
225 225 197942
225 226 -376992
225 232 -279524
225 233 -92232
225 289 287804
226 226 644682
226 227 -18828
226 234 -95952
226 290 -38716
227 227 119758
227 228 -14432
227 235 44936
227 291 713656
228 228 -230834
228 229 192808
228 236 -476072
228 292 801352
229 229 856094
229 230 -689664
229 237 -288972
229 293 -163464
230 230 528292
230 231 7448
230 238 40996
230 294 -587724
231 231 1244080
231 232 -606492
231 239 558808
231 295 -1390164
232 232 -66038
232 240 -88244
232 296 336712
233 233 -689072
233 234 4588
233 240 -64348
233 241 376692
233 297 943632
234 234 678538
234 235 -651472
234 242 -429912
234 298 157236
235 235 282856
235 236 117440
235 243 -79192
235 299 -370992
236 236 115874
236 237 -17912
236 244 609656
236 300 -579996
237 237 113308
237 238 1124
237 245 -150836
237 301 -294952
238 238 274794
238 239 247972
238 246 -215304
238 302 -708128
239 239 54670
239 240 -889372
239 247 -409872
239 303 131604
240 240 -67816
240 248 442376
240 304 445264
241 241 55964
241 242 549044
241 248 -396308
241 249 -264376
241 305 -392100
242 242 -296964
242 243 73516
242 250 77748
242 306 308988
243 243 316322
243 244 -573296
243 251 203040
243 307 -170496
244 244 436190
244 245 -216320
244 252 575964
244 308 -397544
245 245 -119384
245 246 -235416
245 253 1017116
245 309 191012
246 246 -115668
246 247 325908
246 254 451844
246 310 -45424
247 247 112246
247 248 -219476
247 255 1064
247 311 149728
248 248 366654
248 256 -632872
248 312 -109908
249 249 -292652
249 250 520840
249 256 386496
249 313 201424
250 250 255548
250 251 -144876
250 314 -406668
251 251 -64770
251 252 53748
251 315 -248728
252 252 -633590
252 253 637384
252 316 242656
253 253 -1207024
253 254 -92672
253 317 50200
254 254 -50780
254 255 437180
254 318 -218140
255 255 -427128
255 256 568828
255 319 206292
256 256 -112478
256 320 326912
257 257 546844
257 258 -233108
257 264 -397828
257 265 241068
257 313 -496392
257 321 18088
258 258 -152776
258 259 360996
258 266 685388
258 314 -392580
258 322 -174216
259 259 -152130
259 260 -141792
259 267 -230476
259 315 295716
259 323 248568
260 260 -205330
260 261 -59144
260 268 212468
260 316 218896
260 324 -78036
261 261 -468530
261 262 -10628
261 269 -93076
261 317 711516
261 325 517764
262 262 -118994
262 263 277024
262 270 -569076
262 318 946748
262 326 266676
263 263 -497860
263 264 173916
263 271 177072
263 319 45112
263 327 17180
264 264 431872
264 272 69940
264 320 -185612
264 328 -825976
265 265 -106412
265 266 -811116
265 272 -152336
265 273 791228
265 329 259632
266 266 -381280
266 267 346444
266 274 200512
266 330 -322108
267 267 -201820
267 268 -105320
267 275 497848
267 331 125992
268 268 -582014
268 269 586104
268 276 191332
268 332 260604
269 269 -296872
269 270 460620
269 277 -218852
269 333 111868
270 270 -166148
270 271 31064
270 278 128048
270 334 411532
271 271 -308020
271 272 -547636
271 279 678888
271 335 -132980
272 272 511800
272 280 -200832
272 336 13604
273 273 -474868
273 274 -89500
273 280 -186168
273 281 458708
273 337 -452336
274 274 -781036
274 275 647284
274 282 691564
274 338 265456
275 275 -934332
275 276 -401652
275 283 590252
275 339 -166332
276 276 97926
276 277 -576716
276 284 382768
276 340 261384
277 277 -120198
277 278 567972
277 285 492780
277 341 282516
278 278 -459348
278 279 -103516
278 286 172100
278 342 41524
279 279 369264
279 280 -371052
279 287 -734132
279 343 -482612
280 280 501372
280 288 99284
280 344 366304
281 281 166566
281 282 -826256
281 288 -49592
281 289 194608
281 345 -222364
282 282 -485116
282 283 7808
282 290 324996
282 346 738256
283 283 -523304
283 284 96556
283 291 244932
283 347 79872
284 284 -641650
284 285 386088
284 292 -250052
284 348 657544
285 285 119082
285 286 -435216
285 293 -87612
285 349 -569612
286 286 401866
286 287 -647940
286 294 640672
286 350 -1210048
287 287 214840
287 288 422804
287 295 302940
287 351 26548
288 288 3498
288 296 -559756
288 352 133284
289 289 319590
289 290 -9052
289 296 -334456
289 297 -481068
289 353 -297016
290 290 -388638
290 291 -59608
290 298 745712
290 354 -186056
291 291 -1046616
291 292 244080
291 299 357052
291 355 593120
292 292 -223388
292 293 -384612
292 300 -275320
292 356 311328
293 293 40972
293 294 -241660
293 301 722404
293 357 73000
294 294 228694
294 295 -109560
294 302 -484752
294 358 325636
295 295 692504
295 296 -319416
295 303 354696
295 359 -223504
296 296 680906
296 304 109784
296 360 -594680
297 297 -560108
297 298 -132836
297 304 184480
297 305 322956
297 361 283052
298 298 -462298
298 299 138172
298 306 705372
298 362 -689060
299 299 -335532
299 300 139072
299 307 500452
299 363 -92692
300 300 368216
300 301 193088
300 308 -165480
300 364 -47796
301 301 -675828
301 302 -115912
301 309 382452
301 365 464576
302 302 875822
302 303 131388
302 310 51880
302 366 -626120
303 303 -852446
303 304 -210376
303 311 218220
303 367 1079360
304 304 66962
304 312 -565492
304 368 -97584
305 305 -660284
305 306 -173524
305 312 1151628
305 313 191340
305 369 220268
306 306 -635004
306 307 -437368
306 314 607444
306 370 259096
307 307 -346428
307 308 32976
307 315 261952
307 371 505340
308 308 379754
308 309 23636
308 316 306376
308 372 -559472
309 309 -786072
309 310 113548
309 317 615468
309 373 246028
310 310 45562
310 311 -491500
310 318 332616
310 374 -52244
311 311 224362
311 312 69284
311 319 -508844
311 375 114388
312 312 -779842
312 320 404760
312 376 609412
313 313 -180522
313 314 41512
313 320 239992
313 377 183168
314 314 -294450
314 315 908168
314 378 -168976
315 315 -311792
315 316 136108
315 379 -729632
316 316 -352162
316 317 -226296
316 380 26584
317 317 -1011122
317 318 239472
317 381 631884
318 318 -1004724
318 319 304304
318 382 404448
319 319 -7154
319 320 168308
319 383 -200864
320 320 -185942
320 384 -582476
321 321 279720
321 322 -55484
321 328 425228
321 329 -72468
321 377 -177676
321 385 -697128
322 322 119668
322 323 -126516
322 330 -246928
322 378 164
322 386 363644
323 323 344980
323 324 -868424
323 331 237408
323 379 -416192
323 387 235196
324 324 62408
324 325 -223736
324 332 123408
324 380 459856
324 388 462116
325 325 -130068
325 326 -499624
325 333 305712
325 381 -230192
325 389 390212
326 326 -467296
326 327 561644
326 334 488440
326 382 360364
326 390 -242908
327 327 -359984
327 328 292460
327 335 -265776
327 383 184408
327 391 -69948
328 328 -229730
328 336 84428
328 384 133436
328 392 349884
329 329 196946
329 330 53092
329 336 149260
329 337 -806628
329 393 23220
330 330 355576
330 331 -670948
330 338 -102596
330 394 578336
331 331 66202
331 332 139680
331 339 147404
331 395 -111940
332 332 -386322
332 333 237804
332 340 -397384
332 396 408532
333 333 -325000
333 334 354472
333 341 645064
333 397 -1004920
334 334 -762886
334 335 205788
334 342 646224
334 398 -580684
335 335 -206756
335 336 10336
335 343 54308
335 399 541836
336 336 -18126
336 344 -252172
336 400 30796
337 337 496578
337 338 340368
337 344 803564
337 345 34416
337 401 -912540
338 338 -947788
338 339 272712
338 346 93988
338 402 1025648
339 339 61092
339 340 -540176
339 347 122340
339 403 41868
340 340 987534
340 341 -522824
340 348 -526152
340 404 -249916
341 341 -255370
341 342 -218368
341 349 365804
341 405 -41452
342 342 -669170
342 343 598028
342 350 -25460
342 406 296392
343 343 338360
343 344 -369748
343 351 -145264
343 407 -331432
344 344 -454826
344 352 619056
344 408 -257352
345 345 46348
345 346 4956
345 352 441336
345 353 -297608
345 409 -53432
346 346 -815632
346 347 -226728
346 354 669692
346 410 351100
347 347 3162
347 348 62796
347 355 152352
347 411 -196956
348 348 -209084
348 349 150084
348 356 -273728
348 412 347624
349 349 -126526
349 350 468720
349 357 44876
349 413 -206820
350 350 181742
350 351 1964
350 358 278308
350 414 123032
351 351 353664
351 352 -687216
351 359 -309552
351 415 406192
352 352 -321738
352 360 360164
352 416 -223148
353 353 247904
353 354 -206692
353 360 -224904
353 361 -387444
353 417 917856
354 354 -34938
354 355 165220
354 362 -267044
354 418 -105244
355 355 169698
355 356 -410308
355 363 -756236
355 419 -83544
356 356 54054
356 357 1085436
356 364 -579272
356 420 -241564
357 357 -691820
357 358 37492
357 365 -381028
357 421 523864
358 358 -443718
358 359 962428
358 366 -399760
358 422 -316668
359 359 15536
359 360 -268600
359 367 90764
359 423 -282608
360 360 287652
360 368 -45496
360 424 198212
361 361 416324
361 362 517892
361 368 -438176
361 369 -575160
361 425 -232812
362 362 236236
362 363 11108
362 370 32308
362 426 -77676
363 363 669698
363 364 -289216
363 371 -511592
363 427 299232
364 364 93152
364 365 -96976
364 372 484724
364 428 342232
365 365 -117978
365 366 -236824
365 373 395708
365 429 90500
366 366 174120
366 367 -12028
366 374 244932
366 430 681560
367 367 -775560
367 368 26736
367 375 623856
367 431 -257568
368 368 608380
368 376 699988
368 432 -1362228
369 369 608446
369 370 -186192
369 376 -764316
369 377 -38916
369 433 127424
370 370 -160536
370 371 54304
370 378 263012
370 434 -101456
371 371 3850
371 372 -110628
371 379 -6772
371 435 61648
372 372 244252
372 373 -387680
372 380 236988
372 436 -152436
373 373 -15054
373 374 -133220
373 381 291652
373 437 -382380
374 374 -210826
374 375 238196
374 382 -188336
374 438 312324
375 375 -504320
375 376 -21380
375 383 -525276
375 439 578856
376 376 -119218
376 384 259808
376 440 -545076
377 377 -118170
377 378 368972
377 384 34152
377 441 -133360
378 378 50276
378 379 -17976
378 442 -545748
379 379 752850
379 380 -676664
379 443 341536
380 380 249576
380 381 -517152
380 444 -28764
381 381 -268184
381 382 93656
381 445 266520
382 382 212074
382 383 -708516
382 446 -385764
383 383 518300
383 384 199140
383 447 14508
384 384 -27136
384 448 10212
385 385 391922
385 386 -172200
385 392 588976
385 393 -959216
385 441 764572
385 449 -308848
386 386 -67816
386 387 -147744
386 394 -173868
386 442 115696
386 450 150104
387 387 7930
387 388 -303056
387 395 177664
387 443 -446508
387 451 468588
388 388 -1157576
388 389 954860
388 396 323376
388 444 641020
388 452 236836
389 389 -721910
389 390 342796
389 397 -705752
389 445 636964
389 453 -175260
390 390 -969362
390 391 499284
390 398 851176
390 446 51764
390 454 436612
391 391 79246
391 392 -713736
391 399 -163536
391 447 -47704
391 455 337148
392 392 -642556
392 400 275000
392 448 356608
392 456 428380
393 393 983058
393 394 -349568
393 400 -170604
393 401 -156248
393 457 -353700
394 394 -143592
394 395 164264
394 402 285252
394 458 -217232
395 395 -19560
395 396 297612
395 403 294984
395 459 -783464
396 396 -250134
396 397 -298700
396 404 -161496
396 460 -69056
397 397 611582
397 398 -447412
397 405 352476
397 461 881144
398 398 270094
398 399 -60036
398 406 175728
398 462 -478960
399 399 -336822
399 400 -478132
399 407 438152
399 463 395360
400 400 -190152
400 408 412588
400 464 310656
401 401 208160
401 402 -61020
401 408 491744
401 409 -109872
401 465 331616
402 402 -365098
402 403 -917812
402 410 409520
402 466 -11392
403 403 -397338
403 404 104344
403 411 336992
403 467 934300
404 404 -17702
404 405 92812
404 412 -66268
404 468 315928
405 405 95340
405 406 -32100
405 413 -338864
405 469 -223552
406 406 -624192
406 407 353612
406 414 382152
406 470 72600
407 407 65742
407 408 331672
407 415 -906644
407 471 -16844
408 408 -867946
408 416 439644
408 472 317596
409 409 363030
409 410 -197088
409 416 -255836
409 417 -128888
409 473 19056
410 410 -290382
410 411 444704
410 418 -42784
410 474 -384688
411 411 -160952
411 412 -86716
411 419 1696
411 475 -177816
412 412 478694
412 413 330772
412 420 -804892
412 476 -677908
413 413 421712
413 414 -923448
413 421 76572
413 477 218364
414 414 160388
414 415 -464972
414 422 871188
414 478 -308728
415 415 57248
415 416 472376
415 423 -18836
415 479 397388
416 416 56822
416 424 -357344
416 480 -189336
417 417 -17198
417 418 -974004
417 424 46108
417 425 653336
417 481 -480012
418 418 237700
418 419 -458308
418 426 322928
418 482 782012
419 419 -17322
419 420 110452
419 427 127360
419 483 336988
420 420 458866
420 421 405372
420 428 317608
420 484 -704708
421 421 -278386
421 422 333668
421 429 -518796
421 485 -263908
422 422 -74008
422 423 -256484
422 430 -361560
422 486 -122128
423 423 305934
423 424 -337992
423 431 913500
423 487 -629448
424 424 250128
424 432 9892
424 488 -59132
425 425 -222956
425 426 97524
425 432 167600
425 433 -93960
425 489 -145776
426 426 148166
426 427 276488
426 434 -460144
426 490 -455452
427 427 -574578
427 428 -130388
427 435 402144
427 491 174320
428 428 132082
428 429 -163968
428 436 -263740
428 492 -365908
429 429 731452
429 430 122112
429 437 -569380
429 493 -423372
430 430 -821148
430 431 197512
430 438 642936
430 494 359736
431 431 496244
431 432 -1125292
431 439 -370236
431 495 -350404
432 432 1080040
432 440 -212560
432 496 362508
433 433 -789206
433 434 395112
433 440 1000760
433 441 -512412
433 497 661488
434 434 -257254
434 435 314480
434 442 189632
434 498 176884
435 435 -1072632
435 436 126168
435 443 675376
435 499 565448
436 436 41582
436 437 -41292
436 444 272624
436 500 -24488
437 437 -46684
437 438 392740
437 445 542392
437 501 151288
438 438 -1064772
438 439 231356
438 446 -203724
438 502 753912
439 439 -988396
439 440 213512
439 447 802836
439 503 520468
440 440 82790
440 448 -24380
440 504 -597836
441 441 89812
441 442 -707340
441 448 465856
441 505 -56940
442 442 785310
442 443 149400
442 506 -772260
443 443 -320442
443 444 -192296
443 507 113376
444 444 -658220
444 445 504180
444 508 119676
445 445 -1233744
445 446 8744
445 509 508688
446 446 455954
446 447 -146380
446 510 -236548
447 447 -525552
447 448 441476
447 511 -13632
448 448 -362962
448 512 -523848
449 449 -23870
449 450 517148
449 456 -288736
449 457 -258152
449 505 355192
450 450 -302382
450 451 -14776
450 458 16772
450 506 -402552
451 451 -271652
451 452 -110008
451 459 109868
451 507 220440
452 452 1190074
452 453 -546116
452 460 -684636
452 508 -201280
453 453 396712
453 454 -634284
453 461 622768
453 509 256276
454 454 -402470
454 455 286492
454 462 -94340
454 510 314380
455 455 71214
455 456 -401744
455 463 -362728
455 511 -727772
456 456 209608
456 464 328368
456 512 19744
457 457 151482
457 458 92556
457 464 -21708
457 465 -64512
458 458 499738
458 459 -379420
458 466 262096
459 459 154490
459 460 115804
459 467 602448
460 460 880818
460 461 -15196
460 468 -209376
461 461 -559654
461 462 429268
461 469 209812
462 462 294476
462 463 418964
462 470 -364276
463 463 -588182
463 464 857036
463 471 -198704
464 464 -1119156
464 472 524644
465 465 -401036
465 466 321204
465 472 839092
465 473 76444
466 466 389340
466 467 -620236
466 474 248736
467 467 -560838
467 468 390368
467 475 284128
468 468 -326454
468 469 458752
468 476 -517296
469 469 -28246
469 470 -776284
469 477 -231116
470 470 821034
470 471 -359056
470 478 -213204
471 471 988590
471 472 -526652
471 479 -751276
472 472 -670718
472 480 -295000
473 473 -178556
473 474 57796
473 480 -58284
473 481 -102512
474 474 -235178
474 475 -94556
474 482 223316
475 475 209644
475 476 53972
475 483 -467656
476 476 825772
476 477 -247548
476 484 -26584
477 477 492144
477 478 -290780
477 485 91724
478 478 99346
478 479 87088
478 486 189692
479 479 -22720
479 480 -566932
479 487 149032
480 480 525966
480 488 -225796
481 481 204128
481 482 310632
481 488 -753560
481 489 545392
482 482 -969026
482 483 220796
482 490 163244
483 483 -227902
483 484 -26512
483 491 -55148
484 484 689834
484 485 18372
484 492 -35772
485 485 950584
485 486 -749040
485 493 -267360
486 486 476838
486 487 -152360
486 494 336248
487 487 358792
487 488 207712
487 495 -228808
488 488 304950
488 496 -79116
489 489 -81348
489 490 -812268
489 496 -10164
489 497 446396
490 490 655108
490 491 -402020
490 498 -269028
491 491 174806
491 492 -23444
491 499 -642680
492 492 204838
492 493 -70788
492 500 -163068
493 493 -96386
493 494 -4244
493 501 273732
494 494 -497148
494 495 -119992
494 502 -181100
495 495 389960
495 496 143680
495 503 -214572
496 496 -120166
496 504 -108336
497 497 -854824
497 498 364724
497 504 470156
497 505 -83736
498 498 -285896
498 499 380776
498 506 -174104
499 499 -505424
499 500 423100
499 507 535644
500 500 366334
500 501 41736
500 508 -448976
501 501 -173168
501 502 -291928
501 509 47084
502 502 -1301982
502 503 845304
502 510 110556
503 503 -551292
503 504 -253188
503 511 492424
504 504 293234
504 512 42520
505 505 -118350
505 506 -195900
505 512 -124048
506 506 508880
506 507 316328
507 507 -1033780
507 508 67296
508 508 384682
508 509 -197468
509 509 132554
509 510 -715792
510 510 -36414
510 511 429604
511 511 -20864
511 512 109468
512 512 340482
