1 2 -0.4912
1 3 -0.0219
1 4 -0.9425
1 5 0.6344
1 6 0.3383
1 7 0.4939
1 8 -0.4368
1 9 -0.6284
1 10 0.6879
2 3 -0.7294
2 4 0.0689
2 5 0.1986
2 6 0.1347
2 7 0.5930
2 8 0.9795
2 9 -0.6277
2 10 0.5841
3 4 0.7039
3 5 0.7328
3 6 0.7704
3 7 -0.6658
3 8 0.5336
3 9 -0.4308
3 10 -0.8435
4 4 0.6614
4 5 0.3625
4 6 0.6639
4 7 0.3509
4 8 -0.0642
4 9 -0.1545
4 10 0.1045
5 6 0.5083
5 7 0.5059
5 8 0.8136
5 9 0.7247
5 10 -0.0808
6 7 -0.1707
6 8 -0.5938
6 9 0.2421
6 10 -0.8821
7 8 -0.6304
7 9 -0.9897
7 10 0.0341
8 9 0.9023
8 10 -0.1995
9 9 0.8848
9 10 0.5429
10 10 0.8823
